  10.0000 1.3960e+06 1.0334e+06 1.9462e+06 1.0642e+06 1.9242e+06 1.2885e+06 1.5139e+06 1.2969e+06 1.4952e+06
  10.1276 1.3438e+06 9.9590e+05 1.8712e+06 1.0252e+06 1.8504e+06 1.2413e+06 1.4560e+06 1.2490e+06 1.4387e+06
  10.2551 1.2938e+06 9.5991e+05 1.7994e+06 9.8772e+05 1.7796e+06 1.1961e+06 1.4006e+06 1.2030e+06 1.3846e+06
  10.3827 1.2458e+06 9.2537e+05 1.7307e+06 9.5179e+05 1.7118e+06 1.1526e+06 1.3476e+06 1.1589e+06 1.3327e+06
  10.5102 1.1998e+06 8.9220e+05 1.6648e+06 9.1732e+05 1.6469e+06 1.1110e+06 1.2968e+06 1.1166e+06 1.2830e+06
  10.6378 1.1557e+06 8.6037e+05 1.6017e+06 8.8426e+05 1.5847e+06 1.0709e+06 1.2482e+06 1.0760e+06 1.2354e+06
  10.7653 1.1134e+06 8.2981e+05 1.5412e+06 8.5253e+05 1.5250e+06 1.0325e+06 1.2016e+06 1.0371e+06 1.1898e+06
  10.8929 1.0729e+06 8.0047e+05 1.4833e+06 8.2210e+05 1.4679e+06 9.9562e+05 1.1570e+06 9.9974e+05 1.1460e+06
  11.0204 1.0340e+06 7.7230e+05 1.4279e+06 7.9289e+05 1.4132e+06 9.6021e+05 1.1142e+06 9.6389e+05 1.1040e+06
  11.1480 9.9666e+05 7.4525e+05 1.3747e+06 7.6486e+05 1.3607e+06 9.2622e+05 1.0732e+06 9.2948e+05 1.0638e+06
  11.2755 9.6088e+05 7.1927e+05 1.3238e+06 7.3795e+05 1.3104e+06 8.9357e+05 1.0340e+06 8.9646e+05 1.0253e+06
  11.4031 9.2655e+05 6.9432e+05 1.2749e+06 7.1213e+05 1.2622e+06 8.6223e+05 9.9636e+05 8.6477e+05 9.8833e+05
  11.5306 8.9362e+05 6.7036e+05 1.2282e+06 6.8734e+05 1.2160e+06 8.3213e+05 9.6031e+05 8.3434e+05 9.5289e+05
  11.6582 8.6202e+05 6.4735e+05 1.1833e+06 6.6355e+05 1.1718e+06 8.0322e+05 9.2575e+05 8.0514e+05 9.1890e+05
  11.7857 8.3170e+05 6.2524e+05 1.1403e+06 6.4070e+05 1.1293e+06 7.7546e+05 8.9261e+05 7.7710e+05 8.8630e+05
  11.9133 8.0258e+05 6.0398e+05 1.0991e+06 6.1874e+05 1.0886e+06 7.4877e+05 8.6081e+05 7.5016e+05 8.5500e+05
  12.0408 7.7461e+05 5.8353e+05 1.0595e+06 5.9762e+05 1.0495e+06 7.2312e+05 8.3029e+05 7.2426e+05 8.2495e+05
  12.1684 7.4774e+05 5.6387e+05 1.0216e+06 5.7733e+05 1.0120e+06 6.9845e+05 8.0099e+05 6.9938e+05 7.9610e+05
  12.2959 7.2192e+05 5.4495e+05 9.8516e+05 5.5781e+05 9.7596e+05 6.7473e+05 7.7287e+05 6.7545e+05 7.6839e+05
  12.4235 6.9711e+05 5.2675e+05 9.5020e+05 5.3905e+05 9.4141e+05 6.5192e+05 7.4586e+05 6.5244e+05 7.4177e+05
  12.5510 6.7326e+05 5.0924e+05 9.1664e+05 5.2100e+05 9.0823e+05 6.2998e+05 7.1993e+05 6.3032e+05 7.1620e+05
  12.6786 6.5034e+05 4.9240e+05 8.8442e+05 5.0364e+05 8.7638e+05 6.0887e+05 6.9502e+05 6.0905e+05 6.9163e+05
  12.8061 6.2830e+05 4.7618e+05 8.5348e+05 4.8694e+05 8.4578e+05 5.8856e+05 6.7108e+05 5.8859e+05 6.6801e+05
  12.9337 6.0712e+05 4.6058e+05 8.2376e+05 4.7087e+05 8.1639e+05 5.6902e+05 6.4809e+05 5.6891e+05 6.4532e+05
  13.0612 5.8674e+05 4.4556e+05 7.9521e+05 4.5541e+05 7.8816e+05 5.5022e+05 6.2600e+05 5.4998e+05 6.2350e+05
  13.1888 5.6714e+05 4.3110e+05 7.6779e+05 4.4053e+05 7.6103e+05 5.3212e+05 6.0476e+05 5.3176e+05 6.0252e+05
  13.3163 5.4830e+05 4.1717e+05 7.4144e+05 4.2621e+05 7.3496e+05 5.1470e+05 5.8436e+05 5.1424e+05 5.8235e+05
  13.4439 5.3016e+05 4.0377e+05 7.1611e+05 4.1243e+05 7.0990e+05 4.9793e+05 5.6473e+05 4.9737e+05 5.6295e+05
  13.5714 5.1271e+05 3.9086e+05 6.9177e+05 3.9916e+05 6.8582e+05 4.8178e+05 5.4587e+05 4.8113e+05 5.4429e+05
  13.6990 4.9592e+05 3.7842e+05 6.6837e+05 3.8638e+05 6.6266e+05 4.6623e+05 5.2773e+05 4.6550e+05 5.2634e+05
  13.8265 4.7976e+05 3.6645e+05 6.4588e+05 3.7408e+05 6.4040e+05 4.5126e+05 5.1028e+05 4.5046e+05 5.0907e+05
  13.9541 4.6421e+05 3.5491e+05 6.2424e+05 3.6223e+05 6.1899e+05 4.3684e+05 4.9350e+05 4.3597e+05 4.9245e+05
  14.0816 4.4924e+05 3.4379e+05 6.0344e+05 3.5082e+05 5.9839e+05 4.2294e+05 4.7735e+05 4.2202e+05 4.7646e+05
  14.2092 4.3482e+05 3.3308e+05 5.8343e+05 3.3983e+05 5.7858e+05 4.0956e+05 4.6182e+05 4.0858e+05 4.6106e+05
  14.3367 4.2094e+05 3.2276e+05 5.6418e+05 3.2924e+05 5.5952e+05 3.9666e+05 4.4687e+05 3.9564e+05 4.4624e+05
  14.4643 4.0758e+05 3.1281e+05 5.4566e+05 3.1903e+05 5.4118e+05 3.8424e+05 4.3248e+05 3.8318e+05 4.3197e+05
  14.5918 3.9470e+05 3.0322e+05 5.2783e+05 3.0919e+05 5.2353e+05 3.7226e+05 4.1862e+05 3.7116e+05 4.1823e+05
  14.7194 3.8228e+05 2.9396e+05 5.1067e+05 2.9970e+05 5.0654e+05 3.6071e+05 4.0528e+05 3.5958e+05 4.0499e+05
  14.8469 3.7032e+05 2.8502e+05 4.9415e+05 2.9054e+05 4.9018e+05 3.4956e+05 3.9242e+05 3.4841e+05 3.9223e+05
  14.9745 3.5878e+05 2.7639e+05 4.7824e+05 2.8170e+05 4.7442e+05 3.3882e+05 3.8003e+05 3.3764e+05 3.7993e+05
  15.1020 3.4766e+05 2.6807e+05 4.6292e+05 2.7317e+05 4.5924e+05 3.2845e+05 3.6809e+05 3.2724e+05 3.6808e+05
  15.2296 3.3694e+05 2.6003e+05 4.4816e+05 2.6493e+05 4.4462e+05 3.1845e+05 3.5658e+05 3.1722e+05 3.5665e+05
  15.3571 3.2659e+05 2.5227e+05 4.3393e+05 2.5698e+05 4.3053e+05 3.0880e+05 3.4549e+05 3.0755e+05 3.4562e+05
  15.4847 3.1661e+05 2.4477e+05 4.2023e+05 2.4931e+05 4.1695e+05 2.9948e+05 3.3479e+05 2.9821e+05 3.3500e+05
  15.6122 3.0697e+05 2.3753e+05 4.0702e+05 2.4190e+05 4.0386e+05 2.9048e+05 3.2447e+05 2.8920e+05 3.2474e+05
  15.7398 2.9768e+05 2.3053e+05 3.9429e+05 2.3474e+05 3.9124e+05 2.8180e+05 3.1452e+05 2.8050e+05 3.1485e+05
  15.8673 2.8871e+05 2.2377e+05 3.8201e+05 2.2782e+05 3.7908e+05 2.7341e+05 3.0492e+05 2.7210e+05 3.0531e+05
  15.9949 2.8005e+05 2.1724e+05 3.7017e+05 2.2114e+05 3.6735e+05 2.6531e+05 2.9565e+05 2.6399e+05 2.9609e+05
  16.1224 2.7168e+05 2.1093e+05 3.5875e+05 2.1469e+05 3.5603e+05 2.5749e+05 2.8671e+05 2.5616e+05 2.8720e+05
  16.2500 2.6361e+05 2.0483e+05 3.4774e+05 2.0845e+05 3.4511e+05 2.4993e+05 2.7808e+05 2.4859e+05 2.7862e+05
  16.3776 2.5581e+05 1.9893e+05 3.3711e+05 2.0242e+05 3.3458e+05 2.4262e+05 2.6975e+05 2.4128e+05 2.7033e+05
  16.5051 2.4827e+05 1.9323e+05 3.2686e+05 1.9659e+05 3.2442e+05 2.3557e+05 2.6171e+05 2.3422e+05 2.6232e+05
  16.6327 2.4099e+05 1.8772e+05 3.1696e+05 1.9096e+05 3.1460e+05 2.2874e+05 2.5394e+05 2.2739e+05 2.5459e+05
  16.7602 2.3396e+05 1.8238e+05 3.0741e+05 1.8551e+05 3.0514e+05 2.2215e+05 2.4643e+05 2.2079e+05 2.4712e+05
  16.8878 2.2716e+05 1.7723e+05 2.9819e+05 1.8024e+05 2.9599e+05 2.1577e+05 2.3919e+05 2.1441e+05 2.3991e+05
  17.0153 2.2059e+05 1.7224e+05 2.8928e+05 1.7515e+05 2.8717e+05 2.0960e+05 2.3218e+05 2.0825e+05 2.3293e+05
  17.1429 2.1424e+05 1.6741e+05 2.8069e+05 1.7022e+05 2.7864e+05 2.0364e+05 2.2542e+05 2.0229e+05 2.2619e+05
  17.2704 2.0810e+05 1.6274e+05 2.7238e+05 1.6545e+05 2.7041e+05 1.9787e+05 2.1888e+05 1.9652e+05 2.1968e+05
  17.3980 2.0216e+05 1.5822e+05 2.6436e+05 1.6084e+05 2.6245e+05 1.9229e+05 2.1256e+05 1.9094e+05 2.1338e+05
  17.5255 1.9642e+05 1.5385e+05 2.5661e+05 1.5638e+05 2.5477e+05 1.8689e+05 2.0645e+05 1.8555e+05 2.0729e+05
  17.6531 1.9086e+05 1.4961e+05 2.4913e+05 1.5206e+05 2.4734e+05 1.8167e+05 2.0054e+05 1.8033e+05 2.0140e+05
  17.7806 1.8549e+05 1.4552e+05 2.4189e+05 1.4788e+05 2.4016e+05 1.7661e+05 1.9483e+05 1.7528e+05 1.9570e+05
  17.9082 1.8029e+05 1.4155e+05 2.3489e+05 1.4383e+05 2.3323e+05 1.7172e+05 1.8930e+05 1.7040e+05 1.9019e+05
  18.0357 1.7526e+05 1.3770e+05 2.2813e+05 1.3991e+05 2.2652e+05 1.6698e+05 1.8396e+05 1.6567e+05 1.8486e+05
  18.1633 1.7040e+05 1.3398e+05 2.2159e+05 1.3611e+05 2.2004e+05 1.6240e+05 1.7879e+05 1.6109e+05 1.7971e+05
  18.2908 1.6568e+05 1.3038e+05 2.1527e+05 1.3244e+05 2.1376e+05 1.5796e+05 1.7379e+05 1.5666e+05 1.7471e+05
  18.4184 1.6112e+05 1.2688e+05 2.0916e+05 1.2887e+05 2.0770e+05 1.5366e+05 1.6895e+05 1.5237e+05 1.6988e+05
  18.5459 1.5671e+05 1.2350e+05 2.0324e+05 1.2542e+05 2.0183e+05 1.4949e+05 1.6427e+05 1.4821e+05 1.6521e+05
  18.6735 1.5243e+05 1.2022e+05 1.9752e+05 1.2208e+05 1.9615e+05 1.4546e+05 1.5974e+05 1.4419e+05 1.6068e+05
  18.8010 1.4829e+05 1.1703e+05 1.9198e+05 1.1884e+05 1.9066e+05 1.4155e+05 1.5535e+05 1.4029e+05 1.5629e+05
  18.9286 1.4428e+05 1.1395e+05 1.8662e+05 1.1570e+05 1.8534e+05 1.3776e+05 1.5110e+05 1.3652e+05 1.5205e+05
  19.0561 1.4039e+05 1.1096e+05 1.8144e+05 1.1265e+05 1.8020e+05 1.3409e+05 1.4698e+05 1.3286e+05 1.4793e+05
  19.1837 1.3663e+05 1.0806e+05 1.7642e+05 1.0970e+05 1.7521e+05 1.3053e+05 1.4300e+05 1.2931e+05 1.4395e+05
  19.3112 1.3298e+05 1.0525e+05 1.7155e+05 1.0683e+05 1.7039e+05 1.2708e+05 1.3914e+05 1.2588e+05 1.4009e+05
  19.4388 1.2944e+05 1.0253e+05 1.6685e+05 1.0406e+05 1.6572e+05 1.2374e+05 1.3540e+05 1.2255e+05 1.3634e+05
  19.5663 1.2602e+05 9.9881e+04 1.6229e+05 1.0136e+05 1.6120e+05 1.2050e+05 1.3177e+05 1.1932e+05 1.3272e+05
  19.6939 1.2269e+05 9.7315e+04 1.5787e+05 9.8751e+04 1.5682e+05 1.1735e+05 1.2826e+05 1.1619e+05 1.2920e+05
  19.8214 1.1947e+05 9.4824e+04 1.5360e+05 9.6216e+04 1.5257e+05 1.1430e+05 1.2486e+05 1.1315e+05 1.2580e+05
  19.9490 1.1635e+05 9.2408e+04 1.4946e+05 9.3756e+04 1.4846e+05 1.1135e+05 1.2156e+05 1.1021e+05 1.2249e+05
  20.0765 1.1332e+05 9.0063e+04 1.4544e+05 9.1368e+04 1.4448e+05 1.0848e+05 1.1836e+05 1.0735e+05 1.1929e+05
  20.2041 1.1038e+05 8.7786e+04 1.4155e+05 8.9051e+04 1.4062e+05 1.0569e+05 1.1526e+05 1.0458e+05 1.1618e+05
  20.3316 1.0753e+05 8.5576e+04 1.3778e+05 8.6802e+04 1.3687e+05 1.0299e+05 1.1225e+05 1.0190e+05 1.1317e+05
  20.4592 1.0476e+05 8.3429e+04 1.3413e+05 8.4618e+04 1.3324e+05 1.0037e+05 1.0933e+05 9.9286e+04 1.1025e+05
  20.5867 1.0208e+05 8.1345e+04 1.3058e+05 8.2498e+04 1.2973e+05 9.7826e+04 1.0650e+05 9.6756e+04 1.0741e+05
  20.7143 9.9478e+04 7.9322e+04 1.2715e+05 8.0440e+04 1.2632e+05 9.5355e+04 1.0376e+05 9.4299e+04 1.0466e+05
  20.8418 9.6951e+04 7.7356e+04 1.2382e+05 7.8440e+04 1.2301e+05 9.2957e+04 1.0110e+05 9.1915e+04 1.0199e+05
  20.9694 9.4498e+04 7.5446e+04 1.2059e+05 7.6498e+04 1.1981e+05 9.0628e+04 9.8511e+04 8.9600e+04 9.9398e+04
  21.0969 9.2116e+04 7.3591e+04 1.1745e+05 7.4611e+04 1.1670e+05 8.8367e+04 9.6004e+04 8.7352e+04 9.6883e+04
  21.2245 8.9804e+04 7.1789e+04 1.1441e+05 7.2778e+04 1.1368e+05 8.6170e+04 9.3570e+04 8.5170e+04 9.4441e+04
  21.3520 8.7559e+04 7.0037e+04 1.1147e+05 7.0998e+04 1.1075e+05 8.4037e+04 9.1207e+04 8.3050e+04 9.2070e+04
  21.4796 8.5379e+04 6.8335e+04 1.0861e+05 6.9267e+04 1.0791e+05 8.1965e+04 8.8913e+04 8.0991e+04 8.9768e+04
  21.6071 8.3262e+04 6.6680e+04 1.0583e+05 6.7585e+04 1.0516e+05 7.9951e+04 8.6686e+04 7.8992e+04 8.7533e+04
  21.7347 8.1205e+04 6.5072e+04 1.0314e+05 6.5950e+04 1.0248e+05 7.7995e+04 8.4523e+04 7.7049e+04 8.5361e+04
  21.8622 7.9206e+04 6.3508e+04 1.0052e+05 6.4361e+04 9.9886e+04 7.6094e+04 8.2423e+04 7.5161e+04 8.3252e+04
  21.9898 7.7265e+04 6.1988e+04 9.7983e+04 6.2816e+04 9.7365e+04 7.4247e+04 8.0382e+04 7.3327e+04 8.1203e+04
  22.1173 7.5378e+04 6.0510e+04 9.5518e+04 6.1314e+04 9.4917e+04 7.2451e+04 7.8401e+04 7.1544e+04 7.9213e+04
  22.2449 7.3545e+04 5.9073e+04 9.3124e+04 5.9854e+04 9.2540e+04 7.0705e+04 7.6475e+04 6.9812e+04 7.7278e+04
  22.3724 7.1763e+04 5.7675e+04 9.0800e+04 5.8434e+04 9.0232e+04 6.9008e+04 7.4604e+04 6.8127e+04 7.5398e+04
  22.5000 7.0031e+04 5.6315e+04 8.8541e+04 5.7053e+04 8.7990e+04 6.7358e+04 7.2786e+04 6.6490e+04 7.3571e+04
  22.6276 6.8347e+04 5.4993e+04 8.6348e+04 5.5710e+04 8.5811e+04 6.5754e+04 7.1020e+04 6.4898e+04 7.1796e+04
  22.7551 6.6710e+04 5.3706e+04 8.4217e+04 5.4403e+04 8.3695e+04 6.4193e+04 6.9302e+04 6.3350e+04 7.0069e+04
  22.8827 6.5118e+04 5.2455e+04 8.2146e+04 5.3132e+04 8.1638e+04 6.2675e+04 6.7633e+04 6.1845e+04 6.8390e+04
  23.0102 6.3570e+04 5.1237e+04 8.0134e+04 5.1895e+04 7.9640e+04 6.1199e+04 6.6010e+04 6.0380e+04 6.6758e+04
  23.1378 6.2064e+04 5.0052e+04 7.8179e+04 5.0691e+04 7.7698e+04 5.9763e+04 6.4432e+04 5.8956e+04 6.5171e+04
  23.2653 6.0600e+04 4.8898e+04 7.6278e+04 4.9520e+04 7.5811e+04 5.8366e+04 6.2897e+04 5.7571e+04 6.3628e+04
  23.3929 5.9176e+04 4.7775e+04 7.4431e+04 4.8380e+04 7.3976e+04 5.7006e+04 6.1405e+04 5.6223e+04 6.2126e+04
  23.5204 5.7790e+04 4.6682e+04 7.2635e+04 4.7270e+04 7.2192e+04 5.5683e+04 5.9954e+04 5.4911e+04 6.0666e+04
  23.6480 5.6441e+04 4.5618e+04 7.0889e+04 4.6190e+04 7.0458e+04 5.4395e+04 5.8542e+04 5.3635e+04 5.9245e+04
  23.7755 5.5129e+04 4.4582e+04 6.9192e+04 4.5139e+04 6.8772e+04 5.3142e+04 5.7168e+04 5.2393e+04 5.7863e+04
  23.9031 5.3852e+04 4.3573e+04 6.7541e+04 4.4115e+04 6.7132e+04 5.1922e+04 5.5832e+04 5.1184e+04 5.6518e+04
  24.0306 5.2609e+04 4.2591e+04 6.5936e+04 4.3118e+04 6.5538e+04 5.0734e+04 5.4532e+04 5.0007e+04 5.5208e+04
  24.1582 5.1399e+04 4.1634e+04 6.4375e+04 4.2147e+04 6.3987e+04 4.9578e+04 5.3266e+04 4.8862e+04 5.3934e+04
  24.2857 5.0222e+04 4.0702e+04 6.2856e+04 4.1201e+04 6.2479e+04 4.8452e+04 5.2035e+04 4.7746e+04 5.2694e+04
  24.4133 4.9075e+04 3.9794e+04 6.1379e+04 4.0280e+04 6.1011e+04 4.7355e+04 5.0836e+04 4.6660e+04 5.1487e+04
  24.5408 4.7959e+04 3.8909e+04 5.9942e+04 3.9382e+04 5.9584e+04 4.6287e+04 4.9670e+04 4.5603e+04 5.0312e+04
  24.6684 4.6872e+04 3.8047e+04 5.8544e+04 3.8508e+04 5.8195e+04 4.5247e+04 4.8534e+04 4.4573e+04 4.9168e+04
  24.7959 4.5813e+04 3.7207e+04 5.7184e+04 3.7656e+04 5.6843e+04 4.4234e+04 4.7428e+04 4.3570e+04 4.8054e+04
  24.9235 4.4782e+04 3.6389e+04 5.5860e+04 3.6826e+04 5.5528e+04 4.3247e+04 4.6351e+04 4.2593e+04 4.6968e+04
  25.0510 4.3778e+04 3.5591e+04 5.4571e+04 3.6017e+04 5.4248e+04 4.2286e+04 4.5303e+04 4.1642e+04 4.5912e+04
  25.1786 4.2800e+04 3.4814e+04 5.3318e+04 3.5229e+04 5.3002e+04 4.1349e+04 4.4282e+04 4.0714e+04 4.4882e+04
  25.3061 4.1847e+04 3.4056e+04 5.2097e+04 3.4460e+04 5.1790e+04 4.0436e+04 4.3287e+04 3.9811e+04 4.3880e+04
  25.4337 4.0918e+04 3.3318e+04 5.0909e+04 3.3711e+04 5.0609e+04 3.9547e+04 4.2318e+04 3.8931e+04 4.2903e+04
  25.5612 4.0014e+04 3.2597e+04 4.9752e+04 3.2981e+04 4.9460e+04 3.8680e+04 4.1374e+04 3.8073e+04 4.1952e+04
  25.6888 3.9132e+04 3.1895e+04 4.8626e+04 3.2269e+04 4.8341e+04 3.7834e+04 4.0455e+04 3.7237e+04 4.1024e+04
  25.8163 3.8273e+04 3.1210e+04 4.7530e+04 3.1575e+04 4.7252e+04 3.7011e+04 3.9559e+04 3.6422e+04 4.0121e+04
  25.9439 3.7435e+04 3.0542e+04 4.6462e+04 3.0898e+04 4.6190e+04 3.6208e+04 3.8686e+04 3.5628e+04 3.9240e+04
  26.0714 3.6619e+04 2.9891e+04 4.5422e+04 3.0238e+04 4.5157e+04 3.5425e+04 3.7835e+04 3.4854e+04 3.8382e+04
  26.1990 3.5823e+04 2.9256e+04 4.4409e+04 2.9594e+04 4.4151e+04 3.4661e+04 3.7006e+04 3.4099e+04 3.7546e+04
  26.3265 3.5047e+04 2.8636e+04 4.3423e+04 2.8966e+04 4.3171e+04 3.3917e+04 3.6198e+04 3.3363e+04 3.6730e+04
  26.4541 3.4291e+04 2.8032e+04 4.2462e+04 2.8353e+04 4.2216e+04 3.3191e+04 3.5410e+04 3.2645e+04 3.5935e+04
  26.5816 3.3554e+04 2.7442e+04 4.1526e+04 2.7755e+04 4.1286e+04 3.2483e+04 3.4642e+04 3.1945e+04 3.5160e+04
  26.7092 3.2834e+04 2.6867e+04 4.0614e+04 2.7172e+04 4.0380e+04 3.1792e+04 3.3894e+04 3.1263e+04 3.4405e+04
  26.8367 3.2133e+04 2.6305e+04 3.9725e+04 2.6603e+04 3.9497e+04 3.1119e+04 3.3164e+04 3.0597e+04 3.3668e+04
  26.9643 3.1449e+04 2.5757e+04 3.8859e+04 2.6048e+04 3.8636e+04 3.0462e+04 3.2452e+04 2.9948e+04 3.2949e+04
  27.0918 3.0782e+04 2.5222e+04 3.8014e+04 2.5506e+04 3.7796e+04 2.9821e+04 3.1758e+04 2.9314e+04 3.2248e+04
  27.2194 3.0131e+04 2.4700e+04 3.7191e+04 2.4977e+04 3.6978e+04 2.9195e+04 3.1080e+04 2.8696e+04 3.1564e+04
  27.3469 2.9495e+04 2.4191e+04 3.6387e+04 2.4461e+04 3.6180e+04 2.8585e+04 3.0420e+04 2.8094e+04 3.0897e+04
  27.4745 2.8876e+04 2.3694e+04 3.5604e+04 2.3957e+04 3.5401e+04 2.7989e+04 2.9776e+04 2.7505e+04 3.0246e+04
  27.6020 2.8271e+04 2.3208e+04 3.4840e+04 2.3466e+04 3.4642e+04 2.7407e+04 2.9147e+04 2.6931e+04 2.9611e+04
  27.7296 2.7681e+04 2.2734e+04 3.4095e+04 2.2985e+04 3.3901e+04 2.6840e+04 2.8534e+04 2.6371e+04 2.8991e+04
  27.8571 2.7105e+04 2.2271e+04 3.3368e+04 2.2516e+04 3.3179e+04 2.6286e+04 2.7936e+04 2.5824e+04 2.8386e+04
  27.9847 2.6543e+04 2.1819e+04 3.2658e+04 2.2059e+04 3.2474e+04 2.5745e+04 2.7352e+04 2.5290e+04 2.7796e+04
  28.1122 2.5994e+04 2.1378e+04 3.1966e+04 2.1612e+04 3.1786e+04 2.5217e+04 2.6782e+04 2.4769e+04 2.7220e+04
  28.2398 2.5459e+04 2.0946e+04 3.1291e+04 2.1175e+04 3.1115e+04 2.4701e+04 2.6226e+04 2.4260e+04 2.6658e+04
  28.3673 2.4936e+04 2.0525e+04 3.0633e+04 2.0748e+04 3.0460e+04 2.4198e+04 2.5683e+04 2.3764e+04 2.6108e+04
  28.4949 2.4425e+04 2.0114e+04 2.9990e+04 2.0332e+04 2.9821e+04 2.3706e+04 2.5153e+04 2.3279e+04 2.5572e+04
  28.6224 2.3927e+04 1.9712e+04 2.9362e+04 1.9925e+04 2.9198e+04 2.3226e+04 2.4636e+04 2.2805e+04 2.5049e+04
  28.7500 2.3440e+04 1.9320e+04 2.8750e+04 1.9527e+04 2.8589e+04 2.2757e+04 2.4131e+04 2.2343e+04 2.4538e+04
  28.8776 2.2965e+04 1.8936e+04 2.8152e+04 1.9139e+04 2.7995e+04 2.2299e+04 2.3638e+04 2.1892e+04 2.4039e+04
  29.0051 2.2501e+04 1.8561e+04 2.7569e+04 1.8760e+04 2.7415e+04 2.1852e+04 2.3157e+04 2.1451e+04 2.3552e+04
  29.1327 2.2048e+04 1.8195e+04 2.6999e+04 1.8389e+04 2.6849e+04 2.1415e+04 2.2687e+04 2.1020e+04 2.3076e+04
  29.2602 2.1605e+04 1.7837e+04 2.6443e+04 1.8027e+04 2.6296e+04 2.0988e+04 2.2228e+04 2.0599e+04 2.2611e+04
  29.3878 2.1172e+04 1.7487e+04 2.5900e+04 1.7672e+04 2.5756e+04 2.0571e+04 2.1780e+04 2.0188e+04 2.2158e+04
  29.5153 2.0750e+04 1.7146e+04 2.5370e+04 1.7326e+04 2.5230e+04 2.0164e+04 2.1342e+04 1.9787e+04 2.1714e+04
  29.6429 2.0337e+04 1.6811e+04 2.4853e+04 1.6988e+04 2.4715e+04 1.9765e+04 2.0914e+04 1.9394e+04 2.1281e+04
  29.7704 1.9934e+04 1.6485e+04 2.4347e+04 1.6658e+04 2.4213e+04 1.9376e+04 2.0496e+04 1.9011e+04 2.0858e+04
  29.8980 1.9540e+04 1.6166e+04 2.3854e+04 1.6334e+04 2.3722e+04 1.8996e+04 2.0088e+04 1.8636e+04 2.0444e+04
  30.0255 1.9155e+04 1.5853e+04 2.3371e+04 1.6018e+04 2.3243e+04 1.8624e+04 1.9690e+04 1.8270e+04 2.0040e+04
  30.1531 1.8779e+04 1.5548e+04 2.2901e+04 1.5710e+04 2.2775e+04 1.8261e+04 1.9300e+04 1.7913e+04 1.9645e+04
  30.2806 1.8411e+04 1.5250e+04 2.2441e+04 1.5408e+04 2.2317e+04 1.7906e+04 1.8920e+04 1.7563e+04 1.9259e+04
  30.4082 1.8052e+04 1.4958e+04 2.1991e+04 1.5112e+04 2.1871e+04 1.7559e+04 1.8548e+04 1.7222e+04 1.8882e+04
  30.5357 1.7700e+04 1.4673e+04 2.1553e+04 1.4824e+04 2.1434e+04 1.7220e+04 1.8184e+04 1.6888e+04 1.8514e+04
  30.6633 1.7357e+04 1.4393e+04 2.1124e+04 1.4541e+04 2.1008e+04 1.6888e+04 1.7829e+04 1.6561e+04 1.8154e+04
  30.7908 1.7021e+04 1.4120e+04 2.0705e+04 1.4265e+04 2.0592e+04 1.6564e+04 1.7482e+04 1.6242e+04 1.7802e+04
  30.9184 1.6693e+04 1.3853e+04 2.0295e+04 1.3995e+04 2.0185e+04 1.6247e+04 1.7143e+04 1.5930e+04 1.7457e+04
  31.0459 1.6372e+04 1.3592e+04 1.9895e+04 1.3730e+04 1.9787e+04 1.5937e+04 1.6811e+04 1.5625e+04 1.7121e+04
  31.1735 1.6059e+04 1.3337e+04 1.9504e+04 1.3472e+04 1.9398e+04 1.5633e+04 1.6487e+04 1.5326e+04 1.6792e+04
  31.3010 1.5752e+04 1.3087e+04 1.9122e+04 1.3219e+04 1.9018e+04 1.5337e+04 1.6170e+04 1.5035e+04 1.6470e+04
  31.4286 1.5452e+04 1.2842e+04 1.8749e+04 1.2972e+04 1.8647e+04 1.5047e+04 1.5860e+04 1.4749e+04 1.6156e+04
  31.5561 1.5159e+04 1.2603e+04 1.8384e+04 1.2730e+04 1.8285e+04 1.4763e+04 1.5557e+04 1.4470e+04 1.5848e+04
  31.6837 1.4872e+04 1.2369e+04 1.8028e+04 1.2493e+04 1.7930e+04 1.4486e+04 1.5261e+04 1.4197e+04 1.5547e+04
  31.8112 1.4592e+04 1.2140e+04 1.7679e+04 1.2261e+04 1.7583e+04 1.4214e+04 1.4971e+04 1.3930e+04 1.5253e+04
  31.9388 1.4317e+04 1.1915e+04 1.7338e+04 1.2034e+04 1.7244e+04 1.3949e+04 1.4688e+04 1.3669e+04 1.4965e+04
  32.0663 1.4049e+04 1.1696e+04 1.7005e+04 1.1812e+04 1.6913e+04 1.3689e+04 1.4410e+04 1.3414e+04 1.4684e+04
  32.1939 1.3786e+04 1.1481e+04 1.6679e+04 1.1595e+04 1.6589e+04 1.3435e+04 1.4139e+04 1.3164e+04 1.4409e+04
  32.3214 1.3530e+04 1.1271e+04 1.6361e+04 1.1382e+04 1.6273e+04 1.3186e+04 1.3874e+04 1.2920e+04 1.4139e+04
  32.4490 1.3278e+04 1.1065e+04 1.6049e+04 1.1174e+04 1.5963e+04 1.2943e+04 1.3615e+04 1.2680e+04 1.3876e+04
  32.5765 1.3032e+04 1.0864e+04 1.5745e+04 1.0970e+04 1.5660e+04 1.2705e+04 1.3361e+04 1.2446e+04 1.3618e+04
  32.7041 1.2792e+04 1.0667e+04 1.5447e+04 1.0771e+04 1.5364e+04 1.2472e+04 1.3113e+04 1.2218e+04 1.3366e+04
  32.8316 1.2557e+04 1.0473e+04 1.5156e+04 1.0576e+04 1.5075e+04 1.2244e+04 1.2870e+04 1.1993e+04 1.3119e+04
  32.9592 1.2326e+04 1.0284e+04 1.4871e+04 1.0384e+04 1.4791e+04 1.2020e+04 1.2633e+04 1.1774e+04 1.2878e+04
  33.0867 1.2101e+04 1.0099e+04 1.4592e+04 1.0197e+04 1.4514e+04 1.1802e+04 1.2400e+04 1.1559e+04 1.2642e+04
  33.2143 1.1880e+04 9.9180e+03 1.4320e+04 1.0014e+04 1.4243e+04 1.1588e+04 1.2173e+04 1.1349e+04 1.2410e+04
  33.3418 1.1664e+04 9.7405e+03 1.4053e+04 9.8345e+03 1.3978e+04 1.1378e+04 1.1950e+04 1.1143e+04 1.2184e+04
  33.4694 1.1452e+04 9.5666e+03 1.3792e+04 9.6587e+03 1.3718e+04 1.1173e+04 1.1732e+04 1.0942e+04 1.1962e+04
  33.5969 1.1245e+04 9.3964e+03 1.3536e+04 9.4865e+03 1.3464e+04 1.0972e+04 1.1518e+04 1.0744e+04 1.1745e+04
  33.7245 1.1042e+04 9.2296e+03 1.3286e+04 9.3179e+03 1.3216e+04 1.0776e+04 1.1309e+04 1.0551e+04 1.1533e+04
  33.8520 1.0844e+04 9.0662e+03 1.3042e+04 9.1527e+03 1.2973e+04 1.0583e+04 1.1104e+04 1.0362e+04 1.1324e+04
  33.9796 1.0649e+04 8.9061e+03 1.2802e+04 8.9909e+03 1.2734e+04 1.0394e+04 1.0904e+04 1.0176e+04 1.1121e+04
  34.1071 1.0458e+04 8.7493e+03 1.2568e+04 8.8324e+03 1.2501e+04 1.0209e+04 1.0708e+04 9.9949e+03 1.0921e+04
  34.2347 1.0272e+04 8.5957e+03 1.2338e+04 8.6771e+03 1.2273e+04 1.0028e+04 1.0515e+04 9.8170e+03 1.0726e+04
  34.3622 1.0089e+04 8.4452e+03 1.2114e+04 8.5249e+03 1.2050e+04 9.8507e+03 1.0327e+04 9.6428e+03 1.0534e+04
  34.4898 9.9099e+03 8.2977e+03 1.1894e+04 8.3759e+03 1.1831e+04 9.6769e+03 1.0143e+04 9.4721e+03 1.0346e+04
  34.6173 9.7344e+03 8.1532e+03 1.1678e+04 8.2298e+03 1.1617e+04 9.5066e+03 9.9620e+03 9.3049e+03 1.0163e+04
  34.7449 9.5625e+03 8.0116e+03 1.1467e+04 8.0867e+03 1.1407e+04 9.3397e+03 9.7851e+03 9.1411e+03 9.9829e+03
  34.8724 9.3941e+03 7.8728e+03 1.1261e+04 7.9464e+03 1.1202e+04 9.1761e+03 9.6117e+03 8.9805e+03 9.8065e+03
  35.0000 9.2291e+03 7.7368e+03 1.1059e+04 7.8090e+03 1.1001e+04 9.0159e+03 9.4419e+03 8.8232e+03 9.6338e+03
  35.1276 9.0674e+03 7.6036e+03 1.0861e+04 7.6743e+03 1.0804e+04 8.8589e+03 9.2755e+03 8.6691e+03 9.4646e+03
  35.2551 8.9089e+03 7.4729e+03 1.0667e+04 7.5422e+03 1.0611e+04 8.7050e+03 9.1125e+03 8.5181e+03 9.2988e+03
  35.3827 8.7537e+03 7.3449e+03 1.0477e+04 7.4129e+03 1.0422e+04 8.5542e+03 8.9528e+03 8.3701e+03 9.1363e+03
  35.5102 8.6015e+03 7.2193e+03 1.0291e+04 7.2860e+03 1.0237e+04 8.4064e+03 8.7963e+03 8.2250e+03 8.9771e+03
  35.6378 8.4524e+03 7.0963e+03 1.0109e+04 7.1617e+03 1.0056e+04 8.2615e+03 8.6429e+03 8.0829e+03 8.8210e+03
  35.7653 8.3063e+03 6.9757e+03 9.9301e+03 7.0398e+03 9.8782e+03 8.1195e+03 8.4926e+03 7.9435e+03 8.6681e+03
  35.8929 8.1631e+03 6.8574e+03 9.7552e+03 6.9203e+03 9.7043e+03 7.9803e+03 8.3453e+03 7.8069e+03 8.5183e+03
  36.0204 8.0227e+03 6.7415e+03 9.5838e+03 6.8031e+03 9.5339e+03 7.8438e+03 8.2010e+03 7.6731e+03 8.3714e+03
  36.1480 7.8851e+03 6.6278e+03 9.4159e+03 6.6883e+03 9.3669e+03 7.7101e+03 8.0595e+03 7.5418e+03 8.2274e+03
  36.2755 7.7502e+03 6.5163e+03 9.2515e+03 6.5756e+03 9.2034e+03 7.5789e+03 7.9209e+03 7.4132e+03 8.0863e+03
  36.4031 7.6179e+03 6.4070e+03 9.0903e+03 6.4652e+03 9.0431e+03 7.4503e+03 7.7849e+03 7.2870e+03 7.9480e+03
  36.5306 7.4883e+03 6.2998e+03 8.9324e+03 6.3569e+03 8.8860e+03 7.3242e+03 7.6517e+03 7.1634e+03 7.8124e+03
  36.6582 7.3612e+03 6.1947e+03 8.7776e+03 6.2507e+03 8.7321e+03 7.2006e+03 7.5211e+03 7.0421e+03 7.6794e+03
  36.7857 7.2366e+03 6.0916e+03 8.6259e+03 6.1466e+03 8.5812e+03 7.0794e+03 7.3931e+03 6.9233e+03 7.5491e+03
  36.9133 7.1144e+03 5.9905e+03 8.4773e+03 6.0444e+03 8.4334e+03 6.9605e+03 7.2676e+03 6.8067e+03 7.4213e+03
  37.0408 6.9946e+03 5.8913e+03 8.3316e+03 5.9442e+03 8.2885e+03 6.8439e+03 7.1445e+03 6.6924e+03 7.2960e+03
  37.1684 6.8771e+03 5.7941e+03 8.1888e+03 5.8460e+03 8.1464e+03 6.7296e+03 7.0238e+03 6.5803e+03 7.1732e+03
  37.2959 6.7619e+03 5.6986e+03 8.0488e+03 5.7496e+03 8.0072e+03 6.6175e+03 6.9055e+03 6.4704e+03 7.0527e+03
  37.4235 6.6489e+03 5.6050e+03 7.9115e+03 5.6551e+03 7.8707e+03 6.5075e+03 6.7895e+03 6.3626e+03 6.9346e+03
  37.5510 6.5381e+03 5.5132e+03 7.7770e+03 5.5623e+03 7.7369e+03 6.3996e+03 6.6758e+03 6.2568e+03 6.8187e+03
  37.6786 6.4294e+03 5.4231e+03 7.6451e+03 5.4713e+03 7.6058e+03 6.2938e+03 6.5642e+03 6.1531e+03 6.7051e+03
  37.8061 6.3228e+03 5.3348e+03 7.5158e+03 5.3821e+03 7.4771e+03 6.1901e+03 6.4548e+03 6.0514e+03 6.5937e+03
  37.9337 6.2182e+03 5.2481e+03 7.3890e+03 5.2945e+03 7.3511e+03 6.0882e+03 6.3475e+03 5.9516e+03 6.4844e+03
  38.0612 6.1157e+03 5.1630e+03 7.2647e+03 5.2086e+03 7.2274e+03 5.9884e+03 6.2423e+03 5.8538e+03 6.3772e+03
  38.1888 6.0151e+03 5.0795e+03 7.1428e+03 5.1243e+03 7.1062e+03 5.8904e+03 6.1390e+03 5.7578e+03 6.2720e+03
  38.3163 5.9164e+03 4.9976e+03 7.0233e+03 5.0415e+03 6.9873e+03 5.7942e+03 6.0378e+03 5.6636e+03 6.1688e+03
  38.4439 5.8196e+03 4.9172e+03 6.9061e+03 4.9604e+03 6.8707e+03 5.6999e+03 5.9385e+03 5.5711e+03 6.0676e+03
  38.5714 5.7246e+03 4.8383e+03 6.7911e+03 4.8807e+03 6.7563e+03 5.6074e+03 5.8411e+03 5.4805e+03 5.9684e+03
  38.6990 5.6314e+03 4.7609e+03 6.6784e+03 4.8025e+03 6.6442e+03 5.5166e+03 5.7455e+03 5.3915e+03 5.8710e+03
  38.8265 5.5400e+03 4.6849e+03 6.5678e+03 4.7258e+03 6.5342e+03 5.4275e+03 5.6517e+03 5.3042e+03 5.7754e+03
  38.9541 5.4502e+03 4.6103e+03 6.4593e+03 4.6505e+03 6.4263e+03 5.3400e+03 5.5597e+03 5.2186e+03 5.6817e+03
  39.0816 5.3622e+03 4.5371e+03 6.3529e+03 4.5765e+03 6.3205e+03 5.2542e+03 5.4695e+03 5.1346e+03 5.5897e+03
  39.2092 5.2758e+03 4.4653e+03 6.2486e+03 4.5040e+03 6.2167e+03 5.1700e+03 5.3809e+03 5.0521e+03 5.4994e+03
  39.3367 5.1911e+03 4.3947e+03 6.1462e+03 4.4328e+03 6.1148e+03 5.0873e+03 5.2941e+03 4.9712e+03 5.4108e+03
  39.4643 5.1079e+03 4.3255e+03 6.0457e+03 4.3629e+03 6.0149e+03 5.0062e+03 5.2088e+03 4.8917e+03 5.3239e+03
  39.5918 5.0262e+03 4.2575e+03 5.9472e+03 4.2942e+03 5.9169e+03 4.9266e+03 5.1251e+03 4.8138e+03 5.2386e+03
  39.7194 4.9461e+03 4.1908e+03 5.8505e+03 4.2269e+03 5.8207e+03 4.8484e+03 5.0431e+03 4.7373e+03 5.1548e+03
  39.8469 4.8675e+03 4.1253e+03 5.7556e+03 4.1607e+03 5.7264e+03 4.7717e+03 4.9625e+03 4.6622e+03 5.0727e+03
  39.9745 4.7903e+03 4.0610e+03 5.6625e+03 4.0958e+03 5.6338e+03 4.6964e+03 4.8834e+03 4.5885e+03 4.9920e+03
  40.1020 4.7145e+03 3.9978e+03 5.5712e+03 4.0320e+03 5.5429e+03 4.6225e+03 4.8058e+03 4.5161e+03 4.9129e+03
  40.2296 4.6402e+03 3.9358e+03 5.4816e+03 3.9694e+03 5.4537e+03 4.5499e+03 4.7297e+03 4.4451e+03 4.8351e+03
  40.3571 4.5672e+03 3.8749e+03 5.3936e+03 3.9079e+03 5.3662e+03 4.4787e+03 4.6549e+03 4.3754e+03 4.7589e+03
  40.4847 4.4955e+03 3.8151e+03 5.3073e+03 3.8476e+03 5.2804e+03 4.4087e+03 4.5815e+03 4.3069e+03 4.6840e+03
  40.6122 4.4251e+03 3.7564e+03 5.2225e+03 3.7883e+03 5.1961e+03 4.3401e+03 4.5095e+03 4.2397e+03 4.6105e+03
  40.7398 4.3561e+03 3.6987e+03 5.1394e+03 3.7300e+03 5.1134e+03 4.2726e+03 4.4388e+03 4.1737e+03 4.5383e+03
  40.8673 4.2882e+03 3.6420e+03 5.0577e+03 3.6728e+03 5.0321e+03 4.2064e+03 4.3693e+03 4.1089e+03 4.4674e+03
  40.9949 4.2216e+03 3.5864e+03 4.9776e+03 3.6166e+03 4.9524e+03 4.1413e+03 4.3011e+03 4.0453e+03 4.3978e+03
  41.1224 4.1561e+03 3.5317e+03 4.8989e+03 3.5614e+03 4.8741e+03 4.0774e+03 4.2341e+03 3.9827e+03 4.3295e+03
  41.2500 4.0918e+03 3.4779e+03 4.8216e+03 3.5071e+03 4.7973e+03 4.0146e+03 4.1684e+03 3.9213e+03 4.2623e+03
  41.3776 4.0287e+03 3.4251e+03 4.7458e+03 3.4538e+03 4.7218e+03 3.9530e+03 4.1038e+03 3.8610e+03 4.1964e+03
  41.5051 3.9667e+03 3.3732e+03 4.6713e+03 3.4014e+03 4.6478e+03 3.8924e+03 4.0403e+03 3.8017e+03 4.1316e+03
  41.6327 3.9058e+03 3.3222e+03 4.5982e+03 3.3500e+03 4.5750e+03 3.8329e+03 3.9780e+03 3.7435e+03 4.0680e+03
  41.7602 3.8459e+03 3.2721e+03 4.5264e+03 3.2994e+03 4.5036e+03 3.7744e+03 3.9168e+03 3.6863e+03 4.0055e+03
  41.8878 3.7871e+03 3.2228e+03 4.4558e+03 3.2497e+03 4.4334e+03 3.7170e+03 3.8566e+03 3.6301e+03 3.9441e+03
  42.0153 3.7294e+03 3.1744e+03 4.3866e+03 3.2008e+03 4.3645e+03 3.6605e+03 3.7975e+03 3.5749e+03 3.8838e+03
  42.1429 3.6726e+03 3.1269e+03 4.3186e+03 3.1528e+03 4.2969e+03 3.6051e+03 3.7395e+03 3.5207e+03 3.8246e+03
  42.2704 3.6169e+03 3.0801e+03 4.2518e+03 3.1056e+03 4.2304e+03 3.5506e+03 3.6825e+03 3.4674e+03 3.7664e+03
  42.3980 3.5621e+03 3.0342e+03 4.1862e+03 3.0592e+03 4.1652e+03 3.4971e+03 3.6265e+03 3.4150e+03 3.7092e+03
  42.5255 3.5083e+03 2.9890e+03 4.1218e+03 3.0137e+03 4.1011e+03 3.4444e+03 3.5714e+03 3.3635e+03 3.6530e+03
  42.6531 3.4554e+03 2.9446e+03 4.0585e+03 2.9689e+03 4.0381e+03 3.3927e+03 3.5174e+03 3.3130e+03 3.5978e+03
  42.7806 3.4034e+03 2.9009e+03 3.9963e+03 2.9248e+03 3.9763e+03 3.3419e+03 3.4642e+03 3.2633e+03 3.5436e+03
  42.9082 3.3523e+03 2.8580e+03 3.9352e+03 2.8815e+03 3.9155e+03 3.2920e+03 3.4120e+03 3.2144e+03 3.4902e+03
  43.0357 3.3021e+03 2.8159e+03 3.8752e+03 2.8390e+03 3.8558e+03 3.2429e+03 3.3607e+03 3.1664e+03 3.4379e+03
  43.1633 3.2528e+03 2.7744e+03 3.8163e+03 2.7971e+03 3.7972e+03 3.1947e+03 3.3103e+03 3.1192e+03 3.3864e+03
  43.2908 3.2043e+03 2.7336e+03 3.7584e+03 2.7560e+03 3.7396e+03 3.1473e+03 3.2608e+03 3.0729e+03 3.3358e+03
  43.4184 3.1567e+03 2.6936e+03 3.7015e+03 2.7156e+03 3.6830e+03 3.1007e+03 3.2121e+03 3.0273e+03 3.2861e+03
  43.5459 3.1098e+03 2.6542e+03 3.6456e+03 2.6758e+03 3.6274e+03 3.0549e+03 3.1642e+03 2.9825e+03 3.2372e+03
  43.6735 3.0638e+03 2.6154e+03 3.5906e+03 2.6367e+03 3.5727e+03 3.0098e+03 3.1172e+03 2.9384e+03 3.1892e+03
  43.8010 3.0186e+03 2.5773e+03 3.5367e+03 2.5983e+03 3.5190e+03 2.9656e+03 3.0709e+03 2.8951e+03 3.1420e+03
  43.9286 2.9741e+03 2.5399e+03 3.4836e+03 2.5605e+03 3.4662e+03 2.9220e+03 3.0255e+03 2.8526e+03 3.0956e+03
  44.0561 2.9303e+03 2.5030e+03 3.4315e+03 2.5233e+03 3.4144e+03 2.8793e+03 2.9808e+03 2.8107e+03 3.0499e+03
  44.1837 2.8873e+03 2.4668e+03 3.3803e+03 2.4868e+03 3.3634e+03 2.8372e+03 2.9369e+03 2.7696e+03 3.0051e+03
  44.3112 2.8451e+03 2.4312e+03 3.3299e+03 2.4508e+03 3.3133e+03 2.7958e+03 2.8938e+03 2.7292e+03 2.9610e+03
  44.4388 2.8035e+03 2.3962e+03 3.2805e+03 2.4155e+03 3.2641e+03 2.7552e+03 2.8513e+03 2.6894e+03 2.9177e+03
  44.5663 2.7627e+03 2.3617e+03 3.2318e+03 2.3807e+03 3.2157e+03 2.7152e+03 2.8096e+03 2.6503e+03 2.8751e+03
  44.6939 2.7225e+03 2.3279e+03 3.1840e+03 2.3466e+03 3.1682e+03 2.6759e+03 2.7686e+03 2.6118e+03 2.8332e+03
  44.8214 2.6830e+03 2.2945e+03 3.1370e+03 2.3129e+03 3.1214e+03 2.6372e+03 2.7283e+03 2.5740e+03 2.7920e+03
  44.9490 2.6442e+03 2.2618e+03 3.0908e+03 2.2799e+03 3.0755e+03 2.5992e+03 2.6886e+03 2.5369e+03 2.7515e+03
  45.0765 2.6060e+03 2.2295e+03 3.0455e+03 2.2474e+03 3.0303e+03 2.5618e+03 2.6496e+03 2.5003e+03 2.7117e+03
  45.2041 2.5684e+03 2.1978e+03 3.0008e+03 2.2154e+03 2.9859e+03 2.5250e+03 2.6113e+03 2.4643e+03 2.6725e+03
  45.3316 2.5315e+03 2.1666e+03 2.9569e+03 2.1839e+03 2.9423e+03 2.4889e+03 2.5736e+03 2.4290e+03 2.6340e+03
  45.4592 2.4952e+03 2.1359e+03 2.9138e+03 2.1530e+03 2.8993e+03 2.4533e+03 2.5365e+03 2.3942e+03 2.5961e+03
  45.5867 2.4594e+03 2.1058e+03 2.8714e+03 2.1225e+03 2.8571e+03 2.4183e+03 2.5001e+03 2.3600e+03 2.5589e+03
  45.7143 2.4243e+03 2.0761e+03 2.8297e+03 2.0926e+03 2.8157e+03 2.3839e+03 2.4642e+03 2.3264e+03 2.5223e+03
  45.8418 2.3898e+03 2.0469e+03 2.7887e+03 2.0631e+03 2.7749e+03 2.3501e+03 2.4290e+03 2.2933e+03 2.4862e+03
  45.9694 2.3558e+03 2.0181e+03 2.7484e+03 2.0341e+03 2.7348e+03 2.3168e+03 2.3943e+03 2.2608e+03 2.4508e+03
  46.0969 2.3223e+03 1.9899e+03 2.7087e+03 2.0056e+03 2.6953e+03 2.2840e+03 2.3602e+03 2.2287e+03 2.4160e+03
  46.2245 2.2895e+03 1.9620e+03 2.6697e+03 1.9776e+03 2.6565e+03 2.2518e+03 2.3266e+03 2.1972e+03 2.3817e+03
  46.3520 2.2571e+03 1.9347e+03 2.6314e+03 1.9500e+03 2.6184e+03 2.2201e+03 2.2937e+03 2.1663e+03 2.3480e+03
  46.4796 2.2253e+03 1.9078e+03 2.5937e+03 1.9228e+03 2.5809e+03 2.1889e+03 2.2612e+03 2.1358e+03 2.3148e+03
  46.6071 2.1940e+03 1.8812e+03 2.5566e+03 1.8961e+03 2.5440e+03 2.1583e+03 2.2293e+03 2.1058e+03 2.2822e+03
  46.7347 2.1632e+03 1.8552e+03 2.5202e+03 1.8698e+03 2.5077e+03 2.1281e+03 2.1979e+03 2.0763e+03 2.2501e+03
  46.8622 2.1329e+03 1.8295e+03 2.4843e+03 1.8439e+03 2.4720e+03 2.0984e+03 2.1670e+03 2.0473e+03 2.2185e+03
  46.9898 2.1031e+03 1.8043e+03 2.4490e+03 1.8184e+03 2.4369e+03 2.0692e+03 2.1366e+03 2.0188e+03 2.1874e+03
  47.1173 2.0738e+03 1.7794e+03 2.4143e+03 1.7934e+03 2.4024e+03 2.0405e+03 2.1067e+03 1.9907e+03 2.1569e+03
  47.2449 2.0449e+03 1.7550e+03 2.3802e+03 1.7687e+03 2.3684e+03 2.0122e+03 2.0772e+03 1.9630e+03 2.1268e+03
  47.3724 2.0165e+03 1.7309e+03 2.3466e+03 1.7445e+03 2.3350e+03 1.9843e+03 2.0483e+03 1.9358e+03 2.0972e+03
  47.5000 1.9886e+03 1.7073e+03 2.3136e+03 1.7206e+03 2.3021e+03 1.9570e+03 2.0198e+03 1.9090e+03 2.0681e+03
  47.6276 1.9611e+03 1.6839e+03 2.2811e+03 1.6971e+03 2.2698e+03 1.9300e+03 1.9918e+03 1.8827e+03 2.0395e+03
  47.7551 1.9340e+03 1.6610e+03 2.2491e+03 1.6740e+03 2.2380e+03 1.9035e+03 1.9642e+03 1.8568e+03 2.0113e+03
  47.8827 1.9074e+03 1.6384e+03 2.2176e+03 1.6512e+03 2.2067e+03 1.8774e+03 1.9371e+03 1.8313e+03 1.9836e+03
  48.0102 1.8812e+03 1.6162e+03 2.1867e+03 1.6288e+03 2.1759e+03 1.8517e+03 1.9104e+03 1.8062e+03 1.9563e+03
  48.1378 1.8555e+03 1.5943e+03 2.1563e+03 1.6067e+03 2.1456e+03 1.8264e+03 1.8841e+03 1.7815e+03 1.9294e+03
  48.2653 1.8301e+03 1.5728e+03 2.1263e+03 1.5850e+03 2.1158e+03 1.8015e+03 1.8583e+03 1.7572e+03 1.9030e+03
  48.3929 1.8051e+03 1.5516e+03 2.0968e+03 1.5636e+03 2.0865e+03 1.7770e+03 1.8328e+03 1.7332e+03 1.8770e+03
  48.5204 1.7805e+03 1.5308e+03 2.0678e+03 1.5426e+03 2.0576e+03 1.7529e+03 1.8078e+03 1.7097e+03 1.8514e+03
  48.6480 1.7563e+03 1.5102e+03 2.0393e+03 1.5219e+03 2.0292e+03 1.7292e+03 1.7831e+03 1.6865e+03 1.8262e+03
  48.7755 1.7325e+03 1.4900e+03 2.0112e+03 1.5015e+03 2.0013e+03 1.7058e+03 1.7589e+03 1.6637e+03 1.8014e+03
  48.9031 1.7091e+03 1.4701e+03 1.9835e+03 1.4815e+03 1.9738e+03 1.6828e+03 1.7350e+03 1.6412e+03 1.7770e+03
  49.0306 1.6860e+03 1.4505e+03 1.9563e+03 1.4617e+03 1.9467e+03 1.6602e+03 1.7115e+03 1.6191e+03 1.7529e+03
  49.1582 1.6633e+03 1.4312e+03 1.9296e+03 1.4422e+03 1.9200e+03 1.6379e+03 1.6884e+03 1.5973e+03 1.7293e+03
  49.2857 1.6409e+03 1.4122e+03 1.9032e+03 1.4231e+03 1.8938e+03 1.6159e+03 1.6656e+03 1.5759e+03 1.7060e+03
  49.4133 1.6189e+03 1.3935e+03 1.8773e+03 1.4042e+03 1.8680e+03 1.5943e+03 1.6432e+03 1.5548e+03 1.6830e+03
  49.5408 1.5973e+03 1.3751e+03 1.8518e+03 1.3857e+03 1.8426e+03 1.5731e+03 1.6211e+03 1.5340e+03 1.6605e+03
  49.6684 1.5759e+03 1.3570e+03 1.8266e+03 1.3674e+03 1.8176e+03 1.5521e+03 1.5994e+03 1.5136e+03 1.6383e+03
  49.7959 1.5549e+03 1.3391e+03 1.8019e+03 1.3494e+03 1.7930e+03 1.5315e+03 1.5780e+03 1.4935e+03 1.6164e+03
  49.9235 1.5342e+03 1.3215e+03 1.7776e+03 1.3317e+03 1.7688e+03 1.5112e+03 1.5569e+03 1.4736e+03 1.5949e+03
  50.0510 1.5139e+03 1.3042e+03 1.7536e+03 1.3142e+03 1.7449e+03 1.4912e+03 1.5362e+03 1.4541e+03 1.5737e+03
  50.1786 1.4938e+03 1.2872e+03 1.7300e+03 1.2970e+03 1.7215e+03 1.4715e+03 1.5158e+03 1.4349e+03 1.5528e+03
  50.3061 1.4741e+03 1.2704e+03 1.7068e+03 1.2801e+03 1.6983e+03 1.4522e+03 1.4957e+03 1.4160e+03 1.5322e+03
  50.4337 1.4546e+03 1.2538e+03 1.6839e+03 1.2634e+03 1.6756e+03 1.4331e+03 1.4759e+03 1.3973e+03 1.5120e+03
  50.5612 1.4355e+03 1.2375e+03 1.6614e+03 1.2470e+03 1.6532e+03 1.4142e+03 1.4564e+03 1.3789e+03 1.4920e+03
  50.6888 1.4166e+03 1.2215e+03 1.6392e+03 1.2308e+03 1.6311e+03 1.3957e+03 1.4372e+03 1.3609e+03 1.4724e+03
  50.8163 1.3980e+03 1.2057e+03 1.6174e+03 1.2148e+03 1.6094e+03 1.3775e+03 1.4183e+03 1.3430e+03 1.4530e+03
  50.9439 1.3797e+03 1.1901e+03 1.5959e+03 1.1991e+03 1.5880e+03 1.3595e+03 1.3997e+03 1.3255e+03 1.4340e+03
  51.0714 1.3617e+03 1.1747e+03 1.5747e+03 1.1837e+03 1.5670e+03 1.3418e+03 1.3813e+03 1.3082e+03 1.4152e+03
  51.1990 1.3440e+03 1.1596e+03 1.5539e+03 1.1684e+03 1.5462e+03 1.3244e+03 1.3633e+03 1.2912e+03 1.3968e+03
  51.3265 1.3265e+03 1.1447e+03 1.5333e+03 1.1534e+03 1.5258e+03 1.3072e+03 1.3455e+03 1.2744e+03 1.3786e+03
  51.4541 1.3093e+03 1.1300e+03 1.5131e+03 1.1386e+03 1.5057e+03 1.2903e+03 1.3280e+03 1.2579e+03 1.3606e+03
  51.5816 1.2923e+03 1.1156e+03 1.4932e+03 1.1240e+03 1.4859e+03 1.2736e+03 1.3107e+03 1.2416e+03 1.3430e+03
  51.7092 1.2756e+03 1.1013e+03 1.4736e+03 1.1096e+03 1.4664e+03 1.2572e+03 1.2937e+03 1.2256e+03 1.3256e+03
  51.8367 1.2591e+03 1.0873e+03 1.4543e+03 1.0955e+03 1.4472e+03 1.2410e+03 1.2770e+03 1.2098e+03 1.3084e+03
  51.9643 1.2429e+03 1.0734e+03 1.4353e+03 1.0815e+03 1.4282e+03 1.2251e+03 1.2605e+03 1.1942e+03 1.2916e+03
  52.0918 1.2269e+03 1.0598e+03 1.4166e+03 1.0678e+03 1.4096e+03 1.2094e+03 1.2442e+03 1.1789e+03 1.2749e+03
  52.2194 1.2112e+03 1.0463e+03 1.3981e+03 1.0542e+03 1.3912e+03 1.1939e+03 1.2282e+03 1.1638e+03 1.2585e+03
  52.3469 1.1957e+03 1.0331e+03 1.3800e+03 1.0409e+03 1.3732e+03 1.1787e+03 1.2124e+03 1.1489e+03 1.2424e+03
  52.4745 1.1804e+03 1.0200e+03 1.3621e+03 1.0277e+03 1.3553e+03 1.1636e+03 1.1969e+03 1.1342e+03 1.2265e+03
  52.6020 1.1653e+03 1.0072e+03 1.3444e+03 1.0148e+03 1.3378e+03 1.1488e+03 1.1815e+03 1.1198e+03 1.2108e+03
  52.7296 1.1505e+03 9.9450e+02 1.3271e+03 1.0020e+03 1.3205e+03 1.1342e+03 1.1665e+03 1.1055e+03 1.1954e+03
  52.8571 1.1358e+03 9.8201e+02 1.3100e+03 9.8940e+02 1.3035e+03 1.1199e+03 1.1516e+03 1.0915e+03 1.1802e+03
  52.9847 1.1214e+03 9.6970e+02 1.2931e+03 9.7699e+02 1.2867e+03 1.1057e+03 1.1369e+03 1.0777e+03 1.1652e+03
  53.1122 1.1072e+03 9.5756e+02 1.2765e+03 9.6476e+02 1.2702e+03 1.0918e+03 1.1225e+03 1.0641e+03 1.1504e+03
  53.2398 1.0932e+03 9.4560e+02 1.2601e+03 9.5270e+02 1.2539e+03 1.0780e+03 1.1083e+03 1.0506e+03 1.1359e+03
  53.3673 1.0795e+03 9.3380e+02 1.2440e+03 9.4082e+02 1.2379e+03 1.0645e+03 1.0943e+03 1.0374e+03 1.1215e+03
  53.4949 1.0659e+03 9.2218e+02 1.2281e+03 9.2910e+02 1.2221e+03 1.0511e+03 1.0805e+03 1.0244e+03 1.1074e+03
  53.6224 1.0525e+03 9.1072e+02 1.2125e+03 9.1755e+02 1.2065e+03 1.0379e+03 1.0668e+03 1.0115e+03 1.0935e+03
  53.7500 1.0393e+03 8.9943e+02 1.1971e+03 9.0617e+02 1.1912e+03 1.0250e+03 1.0534e+03 9.9884e+02 1.0797e+03
  53.8776 1.0263e+03 8.8829e+02 1.1819e+03 8.9495e+02 1.1760e+03 1.0121e+03 1.0402e+03 9.8636e+02 1.0662e+03
  54.0051 1.0135e+03 8.7732e+02 1.1669e+03 8.8389e+02 1.1611e+03 9.9955e+02 1.0272e+03 9.7405e+02 1.0529e+03
  54.1327 1.0008e+03 8.6650e+02 1.1522e+03 8.7299e+02 1.1465e+03 9.8712e+02 1.0143e+03 9.6192e+02 1.0397e+03
  54.2602 9.8837e+02 8.5583e+02 1.1376e+03 8.6224e+02 1.1320e+03 9.7487e+02 1.0017e+03 9.4996e+02 1.0268e+03
  54.3878 9.7609e+02 8.4531e+02 1.1233e+03 8.5164e+02 1.1177e+03 9.6279e+02 9.8919e+02 9.3817e+02 1.0140e+03
  54.5153 9.6399e+02 8.3494e+02 1.1092e+03 8.4119e+02 1.1037e+03 9.5089e+02 9.7689e+02 9.2655e+02 1.0014e+03
  54.6429 9.5206e+02 8.2472e+02 1.0953e+03 8.3089e+02 1.0898e+03 9.3916e+02 9.6477e+02 9.1510e+02 9.8903e+02
  54.7704 9.4030e+02 8.1464e+02 1.0816e+03 8.2073e+02 1.0762e+03 9.2759e+02 9.5282e+02 9.0380e+02 9.7680e+02
  54.8980 9.2870e+02 8.0471e+02 1.0680e+03 8.1072e+02 1.0627e+03 9.1618e+02 9.4104e+02 8.9267e+02 9.6475e+02
  55.0255 9.1728e+02 7.9491e+02 1.0547e+03 8.0085e+02 1.0495e+03 9.0494e+02 9.2943e+02 8.8170e+02 9.5286e+02
  55.1531 9.0601e+02 7.8525e+02 1.0416e+03 7.9111e+02 1.0364e+03 8.9386e+02 9.1798e+02 8.7088e+02 9.4115e+02
  55.2806 8.9490e+02 7.7572e+02 1.0287e+03 7.8151e+02 1.0235e+03 8.8293e+02 9.0670e+02 8.6021e+02 9.2960e+02
  55.4082 8.8395e+02 7.6633e+02 1.0159e+03 7.7204e+02 1.0109e+03 8.7215e+02 8.9557e+02 8.4969e+02 9.1822e+02
  55.5357 8.7315e+02 7.5706e+02 1.0033e+03 7.6271e+02 9.9834e+02 8.6153e+02 8.8460e+02 8.3932e+02 9.0699e+02
  55.6633 8.6251e+02 7.4793e+02 9.9094e+02 7.5350e+02 9.8600e+02 8.5106e+02 8.7379e+02 8.2910e+02 8.9593e+02
  55.7908 8.5201e+02 7.3892e+02 9.7873e+02 7.4443e+02 9.7385e+02 8.4073e+02 8.6313e+02 8.1901e+02 8.8502e+02
  55.9184 8.4166e+02 7.3003e+02 9.6668e+02 7.3548e+02 9.6186e+02 8.3054e+02 8.5262e+02 8.0907e+02 8.7426e+02
  56.0459 8.3146e+02 7.2127e+02 9.5481e+02 7.2665e+02 9.5004e+02 8.2050e+02 8.4225e+02 7.9927e+02 8.6365e+02
  56.1735 8.2139e+02 7.1263e+02 9.4310e+02 7.1794e+02 9.3839e+02 8.1060e+02 8.3203e+02 7.8961e+02 8.5319e+02
  56.3010 8.1147e+02 7.0411e+02 9.3156e+02 7.0936e+02 9.2691e+02 8.0083e+02 8.2196e+02 7.8007e+02 8.4288e+02
  56.4286 8.0169e+02 6.9570e+02 9.2019e+02 7.0089e+02 9.1559e+02 7.9120e+02 8.1202e+02 7.7067e+02 8.3271e+02
  56.5561 7.9204e+02 6.8741e+02 9.0897e+02 6.9253e+02 9.0442e+02 7.8170e+02 8.0222e+02 7.6140e+02 8.2268e+02
  56.6837 7.8252e+02 6.7924e+02 8.9791e+02 6.8430e+02 8.9341e+02 7.7234e+02 7.9256e+02 7.5226e+02 8.1279e+02
  56.8112 7.7314e+02 6.7117e+02 8.8701e+02 6.7617e+02 8.8256e+02 7.6310e+02 7.8303e+02 7.4325e+02 8.0304e+02
  56.9388 7.6388e+02 6.6322e+02 8.7625e+02 6.6816e+02 8.7186e+02 7.5399e+02 7.7363e+02 7.3435e+02 7.9342e+02
  57.0663 7.5475e+02 6.5537e+02 8.6565e+02 6.6025e+02 8.6131e+02 7.4500e+02 7.6437e+02 7.2558e+02 7.8394e+02
  57.1939 7.4575e+02 6.4763e+02 8.5520e+02 6.5245e+02 8.5090e+02 7.3614e+02 7.5523e+02 7.1693e+02 7.7458e+02
  57.3214 7.3688e+02 6.4000e+02 8.4489e+02 6.4476e+02 8.4064e+02 7.2740e+02 7.4621e+02 7.0840e+02 7.6536e+02
  57.4490 7.2812e+02 6.3247e+02 8.3472e+02 6.3717e+02 8.3053e+02 7.1878e+02 7.3732e+02 6.9999e+02 7.5626e+02
  57.5765 7.1948e+02 6.2504e+02 8.2470e+02 6.2969e+02 8.2055e+02 7.1027e+02 7.2856e+02 6.9169e+02 7.4728e+02
  57.7041 7.1096e+02 6.1771e+02 8.1481e+02 6.2231e+02 8.1071e+02 7.0188e+02 7.1991e+02 6.8350e+02 7.3843e+02
  57.8316 7.0256e+02 6.1048e+02 8.0506e+02 6.1502e+02 8.0100e+02 6.9361e+02 7.1138e+02 6.7543e+02 7.2970e+02
  57.9592 6.9427e+02 6.0334e+02 7.9544e+02 6.0784e+02 7.9143e+02 6.8545e+02 7.0296e+02 6.6746e+02 7.2109e+02
  58.0867 6.8609e+02 5.9631e+02 7.8596e+02 6.0075e+02 7.8200e+02 6.7739e+02 6.9466e+02 6.5960e+02 7.1259e+02
  58.2143 6.7803e+02 5.8936e+02 7.7660e+02 5.9375e+02 7.7269e+02 6.6945e+02 6.8648e+02 6.5185e+02 7.0421e+02
  58.3418 6.7007e+02 5.8251e+02 7.6738e+02 5.8685e+02 7.6350e+02 6.6161e+02 6.7840e+02 6.4420e+02 6.9595e+02
  58.4694 6.6222e+02 5.7576e+02 7.5828e+02 5.8004e+02 7.5445e+02 6.5388e+02 6.7044e+02 6.3666e+02 6.8779e+02
  58.5969 6.5448e+02 5.6909e+02 7.4930e+02 5.7333e+02 7.4551e+02 6.4625e+02 6.6258e+02 6.2922e+02 6.7975e+02
  58.7245 6.4684e+02 5.6251e+02 7.4045e+02 5.6670e+02 7.3670e+02 6.3873e+02 6.5483e+02 6.2187e+02 6.7181e+02
  58.8520 6.3930e+02 5.5602e+02 7.3172e+02 5.6016e+02 7.2801e+02 6.3131e+02 6.4718e+02 6.1463e+02 6.6398e+02
  58.9796 6.3187e+02 5.4961e+02 7.2310e+02 5.5371e+02 7.1944e+02 6.2398e+02 6.3963e+02 6.0748e+02 6.5626e+02
  59.1071 6.2453e+02 5.4329e+02 7.1461e+02 5.4734e+02 7.1098e+02 6.1675e+02 6.3219e+02 6.0043e+02 6.4864e+02
  59.2347 6.1729e+02 5.3705e+02 7.0622e+02 5.4106e+02 7.0264e+02 6.0962e+02 6.2485e+02 5.9347e+02 6.4112e+02
  59.3622 6.1015e+02 5.3090e+02 6.9796e+02 5.3486e+02 6.9441e+02 6.0259e+02 6.1760e+02 5.8660e+02 6.3370e+02
  59.4898 6.0310e+02 5.2483e+02 6.8980e+02 5.2874e+02 6.8629e+02 5.9564e+02 6.1045e+02 5.7983e+02 6.2638e+02
  59.6173 5.9615e+02 5.1883e+02 6.8175e+02 5.2270e+02 6.7828e+02 5.8879e+02 6.0340e+02 5.7314e+02 6.1916e+02
  59.7449 5.8929e+02 5.1292e+02 6.7381e+02 5.1674e+02 6.7037e+02 5.8203e+02 5.9644e+02 5.6655e+02 6.1204e+02
  59.8724 5.8252e+02 5.0708e+02 6.6597e+02 5.1087e+02 6.6258e+02 5.7536e+02 5.8957e+02 5.6004e+02 6.0500e+02
  60.0000 5.7584e+02 5.0132e+02 6.5824e+02 5.0506e+02 6.5488e+02 5.6878e+02 5.8279e+02 5.5362e+02 5.9807e+02
